M74.8,27.9
            C73.1,25.3 72.1,26 71.2,26.2
            C70.3,26.4 70.5,28.5 69.5,29.1
            C68.5,29.7 66.5,30.3 65.1,29.6
            C63.6,28.9 62.4,25.6 60.8,24.8
            C59.2,24 59.4,23.3 55.5,24.8
            C51.6,26.3 41.5,33.5 37.5,33.9
            C33.5,34.2 32.6,27 31.8,26.9
            C31,26.8 33.5,29.3 32.6,33.4
            C31.7,37.5 27.1,47.1 26.5,51.2
            C25.9,55.3 27.5,55.7 29.2,58.1
            C30.9,60.5 35.9,62.7 36.5,65.6
            C37.1,68.5 31,75 33.1,75.4
            C35.2,75.8 43.9,69.6 49.4,68.1
            C54.9,66.6 61.8,67.9 66.2,66.5
            C70.6,65.1 73.3,62.4 75.6,59.9
            C77.9,57.4 79.1,54.8 80.1,51.8
            C81.1,48.8 82.3,45.8 81.4,41.8
            C80.5,37.8 76.5,30.5 74.8,27.9
            Z